         1         1  1.000000000000E+00  1.392800019466E-03  2.699357619269E-05  0.000000000000E+00 -1.892270620124E-05  3.657857699943E-07  1.000000000000E+00   208    82  1.936876901626E+02  5.223400000000E+05  0.000000000000E+00
         2         2  1.000000000000E+00 -1.393510335838E-03  5.863932237334E-06  0.000000000000E+00  1.893570412077E-05 -1.170955209284E-06  1.000000000000E+00   208    82  1.936876901626E+02  5.223400000000E+05  0.000000000000E+00
         3         3  1.000000000000E+00 -1.393510187937E-03 -1.441949564587E-06  0.000000000000E+00  1.891951720917E-05  2.472499849765E-07  1.000000000000E+00   208    82  1.936876901626E+02  5.223400000000E+05  0.000000000000E+00
         4         4  1.000000000000E+00  1.392799423577E-03  6.374334890210E-05  0.000000000000E+00 -1.892061994295E-05 -8.227592534987E-07  1.000000000000E+00   208    82  1.936876901626E+02  5.223400000000E+05  0.000000000000E+00
         5         5  1.000000000000E+00 -1.393510771619E-03 -1.045019424640E-05  0.000000000000E+00  1.892504396853E-05  1.335349937705E-06  1.000000000000E+00   208    82  1.936876901626E+02  5.223400000000E+05  0.000000000000E+00
         6         6  1.000000000000E+00 -1.393510179381E-03  1.223101085621E-04  0.000000000000E+00  1.892151268124E-05  2.088346659703E-06  1.000000000000E+00   208    82  1.936876901626E+02  5.223400000000E+05  0.000000000000E+00
         7         7  1.000000000000E+00 -1.393510544239E-03  1.566125289492E-04  0.000000000000E+00  1.892318291943E-05  6.871876656364E-07  1.000000000000E+00   208    82  1.936876901626E+02  5.223400000000E+05  0.000000000000E+00
         8         8  1.000000000000E+00  1.392799477863E-03 -1.164516961272E-04  0.000000000000E+00 -1.891288606090E-05  1.947053027454E-07  1.000000000000E+00   208    82  1.936876901626E+02  5.223400000000E+05  0.000000000000E+00
         9         9  1.000000000000E+00  1.392799487034E-03 -1.121902921186E-04  0.000000000000E+00 -1.890954185486E-05  2.345981307946E-07  1.000000000000E+00   208    82  1.936876901626E+02  5.223400000000E+05  0.000000000000E+00
        10        10  1.000000000000E+00 -1.393510396474E-03  1.052896424540E-04  0.000000000000E+00  1.893214041175E-05  1.909590400705E-06  1.000000000000E+00   208    82  1.936876901626E+02  5.223400000000E+05  0.000000000000E+00
        11        11  1.000000000000E+00 -1.393510619812E-03 -4.695328753660E-05  0.000000000000E+00  1.892955606345E-05 -1.025237177515E-06  1.000000000000E+00   208    82  1.936876901626E+02  5.223400000000E+05  0.000000000000E+00
        12        12  1.000000000000E+00 -1.393510236842E-03  1.187978354204E-04  0.000000000000E+00  1.893683131524E-05 -3.366061486066E-07  1.000000000000E+00   208    82  1.936876901626E+02  5.223400000000E+05  0.000000000000E+00
        13        13  1.000000000000E+00  1.392800023474E-03  1.893915817189E-05  0.000000000000E+00 -1.891565976747E-05  8.183134891077E-07  1.000000000000E+00   208    82  1.936876901626E+02  5.223400000000E+05  0.000000000000E+00
        14        14  1.000000000000E+00  1.392799558764E-03 -1.203201869638E-04  0.000000000000E+00 -1.892133743807E-05 -1.969928154420E-06  1.000000000000E+00   208    82  1.936876901626E+02  5.223400000000E+05  0.000000000000E+00
        15        15  1.000000000000E+00  1.392800033524E-03  5.011150563162E-06  0.000000000000E+00 -1.892409642235E-05 -1.789968952470E-06  1.000000000000E+00   208    82  1.936876901626E+02  5.223400000000E+05  0.000000000000E+00
        16        16  1.000000000000E+00  1.392799747055E-03 -8.207268313244E-05  0.000000000000E+00 -1.891405954353E-05  2.565964317795E-07  1.000000000000E+00   208    82  1.936876901626E+02  5.223400000000E+05  0.000000000000E+00
        17        17  1.000000000000E+00 -1.393510821565E-03  1.659083300795E-04  0.000000000000E+00  1.893089378361E-05  2.481240433339E-06  1.000000000000E+00   208    82  1.936876901626E+02  5.223400000000E+05  0.000000000000E+00
        18        18  1.000000000000E+00 -1.393510498625E-03 -5.486931988219E-05  0.000000000000E+00  1.893296756005E-05 -5.294934003797E-07  1.000000000000E+00   208    82  1.936876901626E+02  5.223400000000E+05  0.000000000000E+00
        19        19  1.000000000000E+00 -1.393510136807E-03  1.437519280720E-04  0.000000000000E+00  1.892108546021E-05  1.724054365670E-06  1.000000000000E+00   208    82  1.936876901626E+02  5.223400000000E+05  0.000000000000E+00
        20        20  1.000000000000E+00  1.392799842343E-03  4.065602297571E-05  0.000000000000E+00 -1.892083207164E-05  2.282328787655E-06  1.000000000000E+00   208    82  1.936876901626E+02  5.223400000000E+05  0.000000000000E+00
        21        21  1.000000000000E+00  1.392799779569E-03 -3.054134850323E-05  0.000000000000E+00 -1.892564815410E-05 -1.253354993290E-06  1.000000000000E+00   208    82  1.936876901626E+02  5.223400000000E+05  0.000000000000E+00
        22        22  1.000000000000E+00 -1.393510664778E-03  8.839163552637E-05  0.000000000000E+00  1.892906121805E-05  1.550455054502E-06  1.000000000000E+00   208    82  1.936876901626E+02  5.223400000000E+05  0.000000000000E+00
        23        23  1.000000000000E+00 -1.393510655768E-03 -1.391968566134E-04  0.000000000000E+00  1.893129064874E-05 -1.305846173350E-06  1.000000000000E+00   208    82  1.936876901626E+02  5.223400000000E+05  0.000000000000E+00
        24        24  1.000000000000E+00 -1.393510098056E-03  9.872031471306E-05  0.000000000000E+00  1.892507610878E-05  5.433163074263E-07  1.000000000000E+00   208    82  1.936876901626E+02  5.223400000000E+05  0.000000000000E+00
        25        25  1.000000000000E+00  1.392799770599E-03 -1.221124389141E-04  0.000000000000E+00 -1.891745924307E-05 -2.603703919324E-06  1.000000000000E+00   208    82  1.936876901626E+02  5.223400000000E+05  0.000000000000E+00
        26        26  1.000000000000E+00  1.392799767510E-03 -6.280639767356E-05  0.000000000000E+00 -1.892402399470E-05  8.618180478933E-07  1.000000000000E+00   208    82  1.936876901626E+02  5.223400000000E+05  0.000000000000E+00
        27        27  1.000000000000E+00 -1.393509980305E-03 -8.317132057528E-05  0.000000000000E+00  1.892177146885E-05 -2.318230256163E-07  1.000000000000E+00   208    82  1.936876901626E+02  5.223400000000E+05  0.000000000000E+00
        28        28  1.000000000000E+00 -1.393510720865E-03 -1.180865303832E-04  0.000000000000E+00  1.892730035775E-05 -1.214775550120E-07  1.000000000000E+00   208    82  1.936876901626E+02  5.223400000000E+05  0.000000000000E+00
        29        29  1.000000000000E+00 -1.393510425663E-03 -1.591213865061E-04  0.000000000000E+00  1.892362171475E-05 -3.260820924825E-06  1.000000000000E+00   208    82  1.936876901626E+02  5.223400000000E+05  0.000000000000E+00
        30        30  1.000000000000E+00 -1.393510165522E-03  7.668270724415E-05  0.000000000000E+00  1.892103079940E-05  2.608679411578E-06  1.000000000000E+00   208    82  1.936876901626E+02  5.223400000000E+05  0.000000000000E+00
        31        31  1.000000000000E+00 -1.393509976564E-03  6.605482263526E-05  0.000000000000E+00  1.891863352785E-05  1.806232924294E-06  1.000000000000E+00   208    82  1.936876901626E+02  5.223400000000E+05  0.000000000000E+00
        32        32  1.000000000000E+00  1.392800099421E-03 -1.672716089394E-04  0.000000000000E+00 -1.891940424596E-05 -9.300680073862E-07  1.000000000000E+00   208    82  1.936876901626E+02  5.223400000000E+05  0.000000000000E+00
        33        33  1.000000000000E+00  1.392799574021E-03  3.221263018160E-05  0.000000000000E+00 -1.892802630416E-05 -1.097122519324E-06  1.000000000000E+00   208    82  1.936876901626E+02  5.223400000000E+05  0.000000000000E+00
        34        34  1.000000000000E+00 -1.393510762823E-03  3.098671845674E-05  0.000000000000E+00  1.892891116048E-05 -7.162676962329E-07  1.000000000000E+00   208    82  1.936876901626E+02  5.223400000000E+05  0.000000000000E+00
        35        35  1.000000000000E+00  1.392800020088E-03  1.129514829161E-04  0.000000000000E+00 -1.891662310862E-05 -9.822482506677E-08  1.000000000000E+00   208    82  1.936876901626E+02  5.223400000000E+05  0.000000000000E+00
        36        36  1.000000000000E+00 -1.393510428874E-03  1.706376459075E-04  0.000000000000E+00  1.892697985030E-05  3.257332573093E-06  1.000000000000E+00   208    82  1.936876901626E+02  5.223400000000E+05  0.000000000000E+00
        37        37  1.000000000000E+00  1.392800298863E-03  9.875594462016E-05  0.000000000000E+00 -1.891775543414E-05  2.432938328422E-06  1.000000000000E+00   208    82  1.936876901626E+02  5.223400000000E+05  0.000000000000E+00
        38        38  1.000000000000E+00 -1.393510141623E-03  5.414534487339E-05  0.000000000000E+00  1.893256359207E-05 -6.309157622182E-08  1.000000000000E+00   208    82  1.936876901626E+02  5.223400000000E+05  0.000000000000E+00
        39        39  1.000000000000E+00  1.392799483044E-03 -1.419372835293E-04  0.000000000000E+00 -1.891969865212E-05 -4.229417264483E-07  1.000000000000E+00   208    82  1.936876901626E+02  5.223400000000E+05  0.000000000000E+00
        40        40  1.000000000000E+00 -1.393510339789E-03 -7.030859928675E-05  0.000000000000E+00  1.893615834288E-05 -1.319110879414E-06  1.000000000000E+00   208    82  1.936876901626E+02  5.223400000000E+05  0.000000000000E+00
        41        41  1.000000000000E+00  1.392800122597E-03 -8.475069344033E-05  0.000000000000E+00 -1.891786314143E-05 -2.294380766746E-06  1.000000000000E+00   208    82  1.936876901626E+02  5.223400000000E+05  0.000000000000E+00
        42        42  1.000000000000E+00 -1.393510168697E-03 -1.739331432717E-04  0.000000000000E+00  1.891994359100E-05 -1.470230068384E-06  1.000000000000E+00   208    82  1.936876901626E+02  5.223400000000E+05  0.000000000000E+00
        43        43  1.000000000000E+00  1.392800030930E-03  7.043219145994E-05  0.000000000000E+00 -1.891881152074E-05  1.257757927526E-06  1.000000000000E+00   208    82  1.936876901626E+02  5.223400000000E+05  0.000000000000E+00
        44        44  1.000000000000E+00  1.392799730291E-03  1.226656244989E-04  0.000000000000E+00 -1.892301881400E-05 -1.493795525593E-07  1.000000000000E+00   208    82  1.936876901626E+02  5.223400000000E+05  0.000000000000E+00
        45        45  1.000000000000E+00 -1.393510105022E-03 -1.227367903776E-04  0.000000000000E+00  1.893721487890E-05 -3.417701566974E-06  1.000000000000E+00   208    82  1.936876901626E+02  5.223400000000E+05  0.000000000000E+00
        46        46  1.000000000000E+00 -1.393510407202E-03 -9.549473633260E-05  0.000000000000E+00  1.893555370106E-05 -2.005174875601E-06  1.000000000000E+00   208    82  1.936876901626E+02  5.223400000000E+05  0.000000000000E+00
        47        47  1.000000000000E+00 -1.393510261104E-03 -5.913652152734E-05  0.000000000000E+00  1.893246887670E-05 -1.682068058450E-06  1.000000000000E+00   208    82  1.936876901626E+02  5.223400000000E+05  0.000000000000E+00
        48        48  1.000000000000E+00  1.392800072278E-03 -1.221908409817E-04  0.000000000000E+00 -1.891698164694E-05 -3.886415983422E-07  1.000000000000E+00   208    82  1.936876901626E+02  5.223400000000E+05  0.000000000000E+00
        49        49  1.000000000000E+00 -1.393510572815E-03 -8.056843324752E-05  0.000000000000E+00  1.893027108398E-05  9.795308862834E-07  1.000000000000E+00   208    82  1.936876901626E+02  5.223400000000E+05  0.000000000000E+00
        50        50  1.000000000000E+00 -1.393510003265E-03 -4.740381479531E-05  0.000000000000E+00  1.892602444544E-05 -1.433888865903E-07  1.000000000000E+00   208    82  1.936876901626E+02  5.223400000000E+05  0.000000000000E+00
        51        51  1.000000000000E+00 -1.393510364741E-03  6.561081697596E-05  0.000000000000E+00  1.892907090502E-05  1.687288196931E-06  1.000000000000E+00   208    82  1.936876901626E+02  5.223400000000E+05  0.000000000000E+00
        52        52  1.000000000000E+00 -1.393510715668E-03 -9.317668869781E-05  0.000000000000E+00  1.892396971996E-05 -2.988426001492E-06  1.000000000000E+00   208    82  1.936876901626E+02  5.223400000000E+05  0.000000000000E+00
        53        53  1.000000000000E+00 -1.393510182395E-03  2.052665350076E-05  0.000000000000E+00  1.893122916700E-05  2.120303713387E-06  1.000000000000E+00   208    82  1.936876901626E+02  5.223400000000E+05  0.000000000000E+00
        54        54  1.000000000000E+00  1.392799665434E-03  8.542877090990E-05  0.000000000000E+00 -1.891613659847E-05  3.357928248495E-06  1.000000000000E+00   208    82  1.936876901626E+02  5.223400000000E+05  0.000000000000E+00
        55        55  1.000000000000E+00 -1.393510320435E-03 -1.456894900506E-04  0.000000000000E+00  1.892362028574E-05 -3.335014906447E-06  1.000000000000E+00   208    82  1.936876901626E+02  5.223400000000E+05  0.000000000000E+00
        56        56  1.000000000000E+00 -1.393510688436E-03 -9.149508601039E-05  0.000000000000E+00  1.892553829508E-05 -9.502018973636E-07  1.000000000000E+00   208    82  1.936876901626E+02  5.223400000000E+05  0.000000000000E+00
        57        57  1.000000000000E+00 -1.393510820019E-03  5.057641513541E-05  0.000000000000E+00  1.892716407780E-05 -1.366393271749E-06  1.000000000000E+00   208    82  1.936876901626E+02  5.223400000000E+05  0.000000000000E+00
        58        58  1.000000000000E+00 -1.393510243157E-03 -4.818628119503E-05  0.000000000000E+00  1.892944084547E-05 -1.196474710305E-06  1.000000000000E+00   208    82  1.936876901626E+02  5.223400000000E+05  0.000000000000E+00
        59        59  1.000000000000E+00  1.392799579082E-03  6.543091026104E-05  0.000000000000E+00 -1.891888795930E-05  1.091164118200E-06  1.000000000000E+00   208    82  1.936876901626E+02  5.223400000000E+05  0.000000000000E+00
        60        60  1.000000000000E+00 -1.393510501044E-03 -5.601382533881E-05  0.000000000000E+00  1.892136565952E-05  6.866304998043E-07  1.000000000000E+00   208    82  1.936876901626E+02  5.223400000000E+05  0.000000000000E+00
        61        61  1.000000000000E+00 -1.393510500337E-03  2.014286803925E-05  0.000000000000E+00  1.892444848927E-05  2.073826017875E-06  1.000000000000E+00   208    82  1.936876901626E+02  5.223400000000E+05  0.000000000000E+00
        62        62  1.000000000000E+00 -1.393509975840E-03  1.319892120114E-04  0.000000000000E+00  1.892817104889E-05  2.250073616297E-06  1.000000000000E+00   208    82  1.936876901626E+02  5.223400000000E+05  0.000000000000E+00
        63        63  1.000000000000E+00  1.392799630413E-03 -2.732566837291E-05  0.000000000000E+00 -1.891239267604E-05 -3.539942344587E-07  1.000000000000E+00   208    82  1.936876901626E+02  5.223400000000E+05  0.000000000000E+00
        64        64  1.000000000000E+00 -1.393510196101E-03  1.322959776274E-04  0.000000000000E+00  1.892341215720E-05  3.513188392827E-06  1.000000000000E+00   208    82  1.936876901626E+02  5.223400000000E+05  0.000000000000E+00
        65        65  1.000000000000E+00 -1.393510084350E-03 -1.733164017831E-05  0.000000000000E+00  1.893037454959E-05 -2.490713485085E-06  1.000000000000E+00   208    82  1.936876901626E+02  5.223400000000E+05  0.000000000000E+00
        66        66  1.000000000000E+00  1.392799796199E-03 -1.331635595980E-04  0.000000000000E+00 -1.892339130156E-05 -3.351480948828E-06  1.000000000000E+00   208    82  1.936876901626E+02  5.223400000000E+05  0.000000000000E+00
        67        67  1.000000000000E+00 -1.393510220024E-03 -7.129431625645E-05  0.000000000000E+00  1.892200868942E-05 -1.305313956604E-07  1.000000000000E+00   208    82  1.936876901626E+02  5.223400000000E+05  0.000000000000E+00
        68        68  1.000000000000E+00  1.392799461826E-03 -1.828458152841E-04  0.000000000000E+00 -1.891631274794E-05 -3.117619812262E-06  1.000000000000E+00   208    82  1.936876901626E+02  5.223400000000E+05  0.000000000000E+00
        69        69  1.000000000000E+00 -1.393510773141E-03 -6.588246486249E-05  0.000000000000E+00  1.893063163493E-05 -2.902385170095E-06  1.000000000000E+00   208    82  1.936876901626E+02  5.223400000000E+05  0.000000000000E+00
        70        70  1.000000000000E+00 -1.393510690646E-03  2.419663876674E-05  0.000000000000E+00  1.892637784820E-05  4.368588055419E-07  1.000000000000E+00   208    82  1.936876901626E+02  5.223400000000E+05  0.000000000000E+00
        71        71  1.000000000000E+00  1.392799622231E-03 -1.092040862092E-05  0.000000000000E+00 -1.892460005305E-05  1.446308343692E-06  1.000000000000E+00   208    82  1.936876901626E+02  5.223400000000E+05  0.000000000000E+00
        72        72  1.000000000000E+00  1.392799493553E-03  5.520616213704E-05  0.000000000000E+00 -1.892662141759E-05 -1.431613217888E-06  1.000000000000E+00   208    82  1.936876901626E+02  5.223400000000E+05  0.000000000000E+00
        73        73  1.000000000000E+00 -1.393509994143E-03 -1.271441067555E-04  0.000000000000E+00  1.892343693996E-05 -7.653067181994E-08  1.000000000000E+00   208    82  1.936876901626E+02  5.223400000000E+05  0.000000000000E+00
        74        74  1.000000000000E+00 -1.393510104625E-03 -3.781951069341E-05  0.000000000000E+00  1.892281912009E-05 -7.184576911107E-07  1.000000000000E+00   208    82  1.936876901626E+02  5.223400000000E+05  0.000000000000E+00
        75        75  1.000000000000E+00  1.392799411756E-03 -1.000209400845E-04  0.000000000000E+00 -1.891939490512E-05 -3.543772158326E-06  1.000000000000E+00   208    82  1.936876901626E+02  5.223400000000E+05  0.000000000000E+00
        76        76  1.000000000000E+00  1.392799697673E-03 -1.878402234494E-04  0.000000000000E+00 -1.891953641554E-05 -3.345306858872E-06  1.000000000000E+00   208    82  1.936876901626E+02  5.223400000000E+05  0.000000000000E+00
        77        77  1.000000000000E+00 -1.393510579724E-03 -4.141114834816E-05  0.000000000000E+00  1.892466977019E-05  1.036532750795E-06  1.000000000000E+00   208    82  1.936876901626E+02  5.223400000000E+05  0.000000000000E+00
        78        78  1.000000000000E+00 -1.393510335586E-03  3.507374886364E-05  0.000000000000E+00  1.893300663289E-05  1.017885442643E-06  1.000000000000E+00   208    82  1.936876901626E+02  5.223400000000E+05  0.000000000000E+00
        79        79  1.000000000000E+00  1.392800192975E-03  1.745508198614E-04  0.000000000000E+00 -1.892328659087E-05  3.247620804065E-06  1.000000000000E+00   208    82  1.936876901626E+02  5.223400000000E+05  0.000000000000E+00
        80        80  1.000000000000E+00 -1.393510117745E-03  4.768687594348E-05  0.000000000000E+00  1.893433865233E-05  2.594009622864E-06  1.000000000000E+00   208    82  1.936876901626E+02  5.223400000000E+05  0.000000000000E+00
        81        81  1.000000000000E+00  1.392799438968E-03 -1.335412944966E-04  0.000000000000E+00 -1.891039448847E-05 -1.010527017460E-06  1.000000000000E+00   208    82  1.936876901626E+02  5.223400000000E+05  0.000000000000E+00
        82        82  1.000000000000E+00  1.392799879706E-03  4.228761071294E-06  0.000000000000E+00 -1.892259420112E-05  5.831242824787E-07  1.000000000000E+00   208    82  1.936876901626E+02  5.223400000000E+05  0.000000000000E+00
        83        83  1.000000000000E+00 -1.393510569578E-03  5.027914605486E-06  0.000000000000E+00  1.892519261398E-05  1.463028069217E-06  1.000000000000E+00   208    82  1.936876901626E+02  5.223400000000E+05  0.000000000000E+00
        84        84  1.000000000000E+00  1.392800186065E-03  3.266408017087E-05  0.000000000000E+00 -1.892266717659E-05  3.347373477962E-07  1.000000000000E+00   208    82  1.936876901626E+02  5.223400000000E+05  0.000000000000E+00
        85        85  1.000000000000E+00  1.392799993271E-03 -8.365907612953E-05  0.000000000000E+00 -1.891861833182E-05 -9.944037799380E-07  1.000000000000E+00   208    82  1.936876901626E+02  5.223400000000E+05  0.000000000000E+00
        86        86  1.000000000000E+00 -1.393510369749E-03  3.165797905983E-05  0.000000000000E+00  1.893052981610E-05 -1.713906837096E-06  1.000000000000E+00   208    82  1.936876901626E+02  5.223400000000E+05  0.000000000000E+00
        87        87  1.000000000000E+00  1.392799527290E-03 -7.959878078052E-05  0.000000000000E+00 -1.892852112557E-05 -2.327493470362E-07  1.000000000000E+00   208    82  1.936876901626E+02  5.223400000000E+05  0.000000000000E+00
        88        88  1.000000000000E+00 -1.393510532655E-03 -2.280989180194E-05  0.000000000000E+00  1.892447645351E-05 -2.076776622288E-06  1.000000000000E+00   208    82  1.936876901626E+02  5.223400000000E+05  0.000000000000E+00
        89        89  1.000000000000E+00 -1.393510145250E-03  2.055484153624E-04  0.000000000000E+00  1.892986615819E-05  2.649429704947E-06  1.000000000000E+00   208    82  1.936876901626E+02  5.223400000000E+05  0.000000000000E+00
        90        90  1.000000000000E+00 -1.393510226867E-03  7.633044391327E-05  0.000000000000E+00  1.892988102958E-05  3.393420233040E-06  1.000000000000E+00   208    82  1.936876901626E+02  5.223400000000E+05  0.000000000000E+00
        91        91  1.000000000000E+00  1.392799509104E-03  1.759991022023E-04  0.000000000000E+00 -1.891610695000E-05  3.578447395911E-06  1.000000000000E+00   208    82  1.936876901626E+02  5.223400000000E+05  0.000000000000E+00
        92        92  1.000000000000E+00 -1.393509966931E-03 -3.898604934838E-05  0.000000000000E+00  1.892969858380E-05 -6.599385347101E-07  1.000000000000E+00   208    82  1.936876901626E+02  5.223400000000E+05  0.000000000000E+00
        93        93  1.000000000000E+00  1.392799808671E-03 -1.356269803530E-05  0.000000000000E+00 -1.891787264026E-05 -1.692237253713E-06  1.000000000000E+00   208    82  1.936876901626E+02  5.223400000000E+05  0.000000000000E+00
        94        94  1.000000000000E+00 -1.393510142228E-03 -8.852796004908E-06  0.000000000000E+00  1.893406373154E-05  2.018954944659E-06  1.000000000000E+00   208    82  1.936876901626E+02  5.223400000000E+05  0.000000000000E+00
        95        95  1.000000000000E+00 -1.393510153127E-03 -3.136544934642E-05  0.000000000000E+00  1.893118748138E-05 -2.257304872745E-06  1.000000000000E+00   208    82  1.936876901626E+02  5.223400000000E+05  0.000000000000E+00
        96        96  1.000000000000E+00  1.392799763865E-03  1.581376412279E-04  0.000000000000E+00 -1.892033554947E-05  2.870919630872E-06  1.000000000000E+00   208    82  1.936876901626E+02  5.223400000000E+05  0.000000000000E+00
        97        97  1.000000000000E+00 -1.393509973001E-03  4.390434713410E-05  0.000000000000E+00  1.892342289018E-05  2.863900222885E-06  1.000000000000E+00   208    82  1.936876901626E+02  5.223400000000E+05  0.000000000000E+00
        98        98  1.000000000000E+00 -1.393509971271E-03  3.487854060074E-05  0.000000000000E+00  1.892760671753E-05 -1.403185742903E-06  1.000000000000E+00   208    82  1.936876901626E+02  5.223400000000E+05  0.000000000000E+00
        99        99  1.000000000000E+00  1.392799860534E-03 -3.221521273864E-05  0.000000000000E+00 -1.892599332117E-05 -6.005991363914E-08  1.000000000000E+00   208    82  1.936876901626E+02  5.223400000000E+05  0.000000000000E+00
       100       100  1.000000000000E+00  1.392799902691E-03  1.899544078158E-04  0.000000000000E+00 -1.891616734603E-05  2.060933160896E-06  1.000000000000E+00   208    82  1.936876901626E+02  5.223400000000E+05  0.000000000000E+00
 -0.7960E+01  0.0000E+00
 -0.7920E+01  0.0000E+00
 -0.7880E+01  0.0000E+00
 -0.7840E+01  0.0000E+00
 -0.7800E+01  0.0000E+00
 -0.7760E+01  0.0000E+00
 -0.7720E+01  0.0000E+00
 -0.7680E+01  0.0000E+00
 -0.7640E+01  0.0000E+00
 -0.7600E+01  0.0000E+00
 -0.7560E+01  0.0000E+00
 -0.7520E+01  0.0000E+00
 -0.7480E+01  0.0000E+00
 -0.7440E+01  0.0000E+00
 -0.7400E+01  0.0000E+00
 -0.7360E+01  0.0000E+00
 -0.7320E+01  0.0000E+00
 -0.7280E+01  0.0000E+00
 -0.7240E+01  0.0000E+00
 -0.7200E+01  0.0000E+00
 -0.7160E+01  0.0000E+00
 -0.7120E+01  0.0000E+00
 -0.7080E+01  0.0000E+00
 -0.7040E+01  0.0000E+00
 -0.7000E+01  0.0000E+00
 -0.6960E+01  0.0000E+00
 -0.6920E+01  0.0000E+00
 -0.6880E+01  0.0000E+00
 -0.6840E+01  0.0000E+00
 -0.6800E+01  0.0000E+00
 -0.6760E+01  0.0000E+00
 -0.6720E+01  0.0000E+00
 -0.6680E+01  0.0000E+00
 -0.6640E+01  0.0000E+00
 -0.6600E+01  0.0000E+00
 -0.6560E+01  0.0000E+00
 -0.6520E+01  0.0000E+00
 -0.6480E+01  0.0000E+00
 -0.6440E+01  0.0000E+00
 -0.6400E+01  0.0000E+00
 -0.6360E+01  0.0000E+00
 -0.6320E+01  0.0000E+00
 -0.6280E+01  0.0000E+00
 -0.6240E+01  0.0000E+00
 -0.6200E+01  0.0000E+00
 -0.6160E+01  0.0000E+00
 -0.6120E+01  0.0000E+00
 -0.6080E+01  0.0000E+00
 -0.6040E+01  0.0000E+00
 -0.6000E+01  0.0000E+00
 -0.5960E+01  0.0000E+00
 -0.5920E+01  0.0000E+00
 -0.5880E+01  0.0000E+00
 -0.5840E+01  0.0000E+00
 -0.5800E+01  0.0000E+00
 -0.5760E+01  0.0000E+00
 -0.5720E+01  0.0000E+00
 -0.5680E+01  0.0000E+00
 -0.5640E+01  0.0000E+00
 -0.5600E+01  0.0000E+00
 -0.5560E+01  0.0000E+00
 -0.5520E+01  0.0000E+00
 -0.5480E+01  0.0000E+00
 -0.5440E+01  0.0000E+00
 -0.5400E+01  0.0000E+00
 -0.5360E+01  0.0000E+00
 -0.5320E+01  0.0000E+00
 -0.5280E+01  0.0000E+00
 -0.5240E+01  0.0000E+00
 -0.5200E+01  0.0000E+00
 -0.5160E+01  0.0000E+00
 -0.5120E+01  0.0000E+00
 -0.5080E+01  0.0000E+00
 -0.5040E+01  0.0000E+00
 -0.5000E+01  0.0000E+00
 -0.4960E+01  0.0000E+00
 -0.4920E+01  0.0000E+00
 -0.4880E+01  0.0000E+00
 -0.4840E+01  0.0000E+00
 -0.4800E+01  0.0000E+00
 -0.4760E+01  0.0000E+00
 -0.4720E+01  0.0000E+00
 -0.4680E+01  0.0000E+00
 -0.4640E+01  0.0000E+00
 -0.4600E+01  0.0000E+00
 -0.4560E+01  0.0000E+00
 -0.4520E+01  0.0000E+00
 -0.4480E+01  0.0000E+00
 -0.4440E+01  0.0000E+00
 -0.4400E+01  0.0000E+00
 -0.4360E+01  0.0000E+00
 -0.4320E+01  0.0000E+00
 -0.4280E+01  0.0000E+00
 -0.4240E+01  0.0000E+00
 -0.4200E+01  0.0000E+00
 -0.4160E+01  0.0000E+00
 -0.4120E+01  0.0000E+00
 -0.4080E+01  0.0000E+00
 -0.4040E+01  0.0000E+00
 -0.4000E+01  0.0000E+00
 -0.3960E+01  0.0000E+00
 -0.3920E+01  0.0000E+00
 -0.3880E+01  0.0000E+00
 -0.3840E+01  0.0000E+00
 -0.3800E+01  0.0000E+00
 -0.3760E+01  0.0000E+00
 -0.3720E+01  0.0000E+00
 -0.3680E+01  0.0000E+00
 -0.3640E+01  0.0000E+00
 -0.3600E+01  0.0000E+00
 -0.3560E+01  0.0000E+00
 -0.3520E+01  0.0000E+00
 -0.3480E+01  0.0000E+00
 -0.3440E+01  0.0000E+00
 -0.3400E+01  0.0000E+00
 -0.3360E+01  0.0000E+00
 -0.3320E+01  0.0000E+00
 -0.3280E+01  0.0000E+00
 -0.3240E+01  0.0000E+00
 -0.3200E+01  0.0000E+00
 -0.3160E+01  0.0000E+00
 -0.3120E+01  0.0000E+00
 -0.3080E+01  0.0000E+00
 -0.3040E+01  0.0000E+00
 -0.3000E+01  0.0000E+00
 -0.2960E+01  0.0000E+00
 -0.2920E+01  0.0000E+00
 -0.2880E+01  0.0000E+00
 -0.2840E+01  0.0000E+00
 -0.2800E+01  0.0000E+00
 -0.2760E+01  0.0000E+00
 -0.2720E+01  0.0000E+00
 -0.2680E+01  0.0000E+00
 -0.2640E+01  0.0000E+00
 -0.2600E+01  0.0000E+00
 -0.2560E+01  0.0000E+00
 -0.2520E+01  0.0000E+00
 -0.2480E+01  0.0000E+00
 -0.2440E+01  0.0000E+00
 -0.2400E+01  0.0000E+00
 -0.2360E+01  0.0000E+00
 -0.2320E+01  0.0000E+00
 -0.2280E+01  0.0000E+00
 -0.2240E+01  0.0000E+00
 -0.2200E+01  0.0000E+00
 -0.2160E+01  0.0000E+00
 -0.2120E+01  0.0000E+00
 -0.2080E+01  0.0000E+00
 -0.2040E+01  0.0000E+00
 -0.2000E+01  0.0000E+00
 -0.1960E+01  0.0000E+00
 -0.1920E+01  0.0000E+00
 -0.1880E+01  0.0000E+00
 -0.1840E+01  0.0000E+00
 -0.1800E+01  0.0000E+00
 -0.1760E+01  0.0000E+00
 -0.1720E+01  0.0000E+00
 -0.1680E+01  0.0000E+00
 -0.1640E+01  0.0000E+00
 -0.1600E+01  0.0000E+00
 -0.1560E+01  0.0000E+00
 -0.1520E+01  0.0000E+00
 -0.1480E+01  0.0000E+00
 -0.1440E+01  0.0000E+00
 -0.1400E+01  0.0000E+00
 -0.1360E+01  0.0000E+00
 -0.1320E+01  0.0000E+00
 -0.1280E+01  0.0000E+00
 -0.1240E+01  0.0000E+00
 -0.1200E+01  0.0000E+00
 -0.1160E+01  0.0000E+00
 -0.1120E+01  0.0000E+00
 -0.1080E+01  0.0000E+00
 -0.1040E+01  0.0000E+00
 -0.1000E+01  0.0000E+00
 -0.9600E+00  0.0000E+00
 -0.9200E+00  0.0000E+00
 -0.8800E+00  0.0000E+00
 -0.8400E+00  0.0000E+00
 -0.8000E+00  0.0000E+00
 -0.7600E+00  0.0000E+00
 -0.7200E+00  0.0000E+00
 -0.6800E+00  0.0000E+00
 -0.6400E+00  0.0000E+00
 -0.6000E+00  0.0000E+00
 -0.5600E+00  0.0000E+00
 -0.5200E+00  0.0000E+00
 -0.4800E+00  0.0000E+00
 -0.4400E+00  0.0000E+00
 -0.4000E+00  0.0000E+00
 -0.3600E+00  0.0000E+00
 -0.3200E+00  0.0000E+00
 -0.2800E+00  0.0000E+00
 -0.2400E+00  0.0000E+00
 -0.2000E+00  0.0000E+00
 -0.1600E+00  0.0000E+00
 -0.1200E+00  0.0000E+00
 -0.8000E-01  0.0000E+00
 -0.4000E-01  0.0000E+00
  0.0000E+00  0.1000E+03
  0.4000E-01  0.0000E+00
  0.8000E-01  0.0000E+00
  0.1200E+00  0.0000E+00
  0.1600E+00  0.0000E+00
  0.2000E+00  0.0000E+00
  0.2400E+00  0.0000E+00
  0.2800E+00  0.0000E+00
  0.3200E+00  0.0000E+00
  0.3600E+00  0.0000E+00
  0.4000E+00  0.0000E+00
  0.4400E+00  0.0000E+00
  0.4800E+00  0.0000E+00
  0.5200E+00  0.0000E+00
  0.5600E+00  0.0000E+00
  0.6000E+00  0.0000E+00
  0.6400E+00  0.0000E+00
  0.6800E+00  0.0000E+00
  0.7200E+00  0.0000E+00
  0.7600E+00  0.0000E+00
  0.8000E+00  0.0000E+00
  0.8400E+00  0.0000E+00
  0.8800E+00  0.0000E+00
  0.9200E+00  0.0000E+00
  0.9600E+00  0.0000E+00
  0.1000E+01  0.0000E+00
  0.1040E+01  0.0000E+00
  0.1080E+01  0.0000E+00
  0.1120E+01  0.0000E+00
  0.1160E+01  0.0000E+00
  0.1200E+01  0.0000E+00
  0.1240E+01  0.0000E+00
  0.1280E+01  0.0000E+00
  0.1320E+01  0.0000E+00
  0.1360E+01  0.0000E+00
  0.1400E+01  0.0000E+00
  0.1440E+01  0.0000E+00
  0.1480E+01  0.0000E+00
  0.1520E+01  0.0000E+00
  0.1560E+01  0.0000E+00
  0.1600E+01  0.0000E+00
  0.1640E+01  0.0000E+00
  0.1680E+01  0.0000E+00
  0.1720E+01  0.0000E+00
  0.1760E+01  0.0000E+00
  0.1800E+01  0.0000E+00
  0.1840E+01  0.0000E+00
  0.1880E+01  0.0000E+00
  0.1920E+01  0.0000E+00
  0.1960E+01  0.0000E+00
  0.2000E+01  0.0000E+00
  0.2040E+01  0.0000E+00
  0.2080E+01  0.0000E+00
  0.2120E+01  0.0000E+00
  0.2160E+01  0.0000E+00
  0.2200E+01  0.0000E+00
  0.2240E+01  0.0000E+00
  0.2280E+01  0.0000E+00
  0.2320E+01  0.0000E+00
  0.2360E+01  0.0000E+00
  0.2400E+01  0.0000E+00
  0.2440E+01  0.0000E+00
  0.2480E+01  0.0000E+00
  0.2520E+01  0.0000E+00
  0.2560E+01  0.0000E+00
  0.2600E+01  0.0000E+00
  0.2640E+01  0.0000E+00
  0.2680E+01  0.0000E+00
  0.2720E+01  0.0000E+00
  0.2760E+01  0.0000E+00
  0.2800E+01  0.0000E+00
  0.2840E+01  0.0000E+00
  0.2880E+01  0.0000E+00
  0.2920E+01  0.0000E+00
  0.2960E+01  0.0000E+00
  0.3000E+01  0.0000E+00
  0.3040E+01  0.0000E+00
  0.3080E+01  0.0000E+00
  0.3120E+01  0.0000E+00
  0.3160E+01  0.0000E+00
  0.3200E+01  0.0000E+00
  0.3240E+01  0.0000E+00
  0.3280E+01  0.0000E+00
  0.3320E+01  0.0000E+00
  0.3360E+01  0.0000E+00
  0.3400E+01  0.0000E+00
  0.3440E+01  0.0000E+00
  0.3480E+01  0.0000E+00
  0.3520E+01  0.0000E+00
  0.3560E+01  0.0000E+00
  0.3600E+01  0.0000E+00
  0.3640E+01  0.0000E+00
  0.3680E+01  0.0000E+00
  0.3720E+01  0.0000E+00
  0.3760E+01  0.0000E+00
  0.3800E+01  0.0000E+00
  0.3840E+01  0.0000E+00
  0.3880E+01  0.0000E+00
  0.3920E+01  0.0000E+00
  0.3960E+01  0.0000E+00
  0.4000E+01  0.0000E+00
  0.4040E+01  0.0000E+00
  0.4080E+01  0.0000E+00
  0.4120E+01  0.0000E+00
  0.4160E+01  0.0000E+00
  0.4200E+01  0.0000E+00
  0.4240E+01  0.0000E+00
  0.4280E+01  0.0000E+00
  0.4320E+01  0.0000E+00
  0.4360E+01  0.0000E+00
  0.4400E+01  0.0000E+00
  0.4440E+01  0.0000E+00
  0.4480E+01  0.0000E+00
  0.4520E+01  0.0000E+00
  0.4560E+01  0.0000E+00
  0.4600E+01  0.0000E+00
  0.4640E+01  0.0000E+00
  0.4680E+01  0.0000E+00
  0.4720E+01  0.0000E+00
  0.4760E+01  0.0000E+00
  0.4800E+01  0.0000E+00
  0.4840E+01  0.0000E+00
  0.4880E+01  0.0000E+00
  0.4920E+01  0.0000E+00
  0.4960E+01  0.0000E+00
  0.5000E+01  0.0000E+00
  0.5040E+01  0.0000E+00
  0.5080E+01  0.0000E+00
  0.5120E+01  0.0000E+00
  0.5160E+01  0.0000E+00
  0.5200E+01  0.0000E+00
  0.5240E+01  0.0000E+00
  0.5280E+01  0.0000E+00
  0.5320E+01  0.0000E+00
  0.5360E+01  0.0000E+00
  0.5400E+01  0.0000E+00
  0.5440E+01  0.0000E+00
  0.5480E+01  0.0000E+00
  0.5520E+01  0.0000E+00
  0.5560E+01  0.0000E+00
  0.5600E+01  0.0000E+00
  0.5640E+01  0.0000E+00
  0.5680E+01  0.0000E+00
  0.5720E+01  0.0000E+00
  0.5760E+01  0.0000E+00
  0.5800E+01  0.0000E+00
  0.5840E+01  0.0000E+00
  0.5880E+01  0.0000E+00
  0.5920E+01  0.0000E+00
  0.5960E+01  0.0000E+00
  0.6000E+01  0.0000E+00
  0.6040E+01  0.0000E+00
  0.6080E+01  0.0000E+00
  0.6120E+01  0.0000E+00
  0.6160E+01  0.0000E+00
  0.6200E+01  0.0000E+00
  0.6240E+01  0.0000E+00
  0.6280E+01  0.0000E+00
  0.6320E+01  0.0000E+00
  0.6360E+01  0.0000E+00
  0.6400E+01  0.0000E+00
  0.6440E+01  0.0000E+00
  0.6480E+01  0.0000E+00
  0.6520E+01  0.0000E+00
  0.6560E+01  0.0000E+00
  0.6600E+01  0.0000E+00
  0.6640E+01  0.0000E+00
  0.6680E+01  0.0000E+00
  0.6720E+01  0.0000E+00
  0.6760E+01  0.0000E+00
  0.6800E+01  0.0000E+00
  0.6840E+01  0.0000E+00
  0.6880E+01  0.0000E+00
  0.6920E+01  0.0000E+00
  0.6960E+01  0.0000E+00
  0.7000E+01  0.0000E+00
  0.7040E+01  0.0000E+00
  0.7080E+01  0.0000E+00
  0.7120E+01  0.0000E+00
  0.7160E+01  0.0000E+00
  0.7200E+01  0.0000E+00
  0.7240E+01  0.0000E+00
  0.7280E+01  0.0000E+00
  0.7320E+01  0.0000E+00
  0.7360E+01  0.0000E+00
  0.7400E+01  0.0000E+00
  0.7440E+01  0.0000E+00
  0.7480E+01  0.0000E+00
  0.7520E+01  0.0000E+00
  0.7560E+01  0.0000E+00
  0.7600E+01  0.0000E+00
  0.7640E+01  0.0000E+00
  0.7680E+01  0.0000E+00
  0.7720E+01  0.0000E+00
  0.7760E+01  0.0000E+00
  0.7800E+01  0.0000E+00
  0.7840E+01  0.0000E+00
  0.7880E+01  0.0000E+00
  0.7920E+01  0.0000E+00
  0.7960E+01  0.0000E+00
  0.8000E+01  0.0000E+00
